(5, 15, -0.5, 1):2353.175489937104
(5, 15, 0, 1):2540.4753547840314
(5, 15, 0.5, 1):2603.968132608254
(8, 15, -0.5, 1):2469.977474039644
(8, 15, 0, 1):2560.6569067425307
(8, 15, 0.5, 1):2547.488930779011
(12, 15, -0.5, 1):2652.234841986701
(12, 15, 0, 1):2652.2832117297185
(12, 15, 0.5, 1):2652.298017738058
(15, 15, -0.5, 1):2652.309290509727
(15, 15, 0, 1):2652.309290509726
(15, 15, 0.5, 1):2652.309290509726
(5, 15, -0.5, 2):2914.29212385049
(5, 15, 0, 2):3115.3270694869184
(5, 15, 0.5, 2):3221.874801490558
(8, 15, -0.5, 2):3241.227831573393
(8, 15, 0, 2):3241.22810561394
(8, 15, 0.5, 2):3241.228232874807
(12, 15, -0.5, 2):3241.228226503369
(12, 15, 0, 2):3241.2282295798177
(12, 15, 0.5, 2):3241.228232874807
(15, 15, -0.5, 2):3241.228232874806
(15, 15, 0, 2):3241.2282328748065
(15, 15, 0.5, 2):3241.228232874807
(5, 15, -0.5, 3):2812.2167900999066
(5, 15, 0, 3):3124.7664424803693
(5, 15, 0.5, 3):3034.999867107424
(8, 15, -0.5, 3):2987.627040058036
(8, 15, 0, 3):3145.569429737415
(8, 15, 0.5, 3):3147.2726638281224
(12, 15, -0.5, 3):3149.78442234566
(12, 15, 0, 3):3149.9199367122405
(12, 15, 0.5, 3):3149.9188510792455
(15, 15, -0.5, 3):3149.91993671224
(15, 15, 0, 3):3149.9199367122405
(15, 15, 0.5, 3):3149.919936712239
(5, 15, -0.5, 4):2832.466985906447
(5, 15, 0, 4):3146.9307825222536
(5, 15, 0.5, 4):3091.158739594279
(8, 15, -0.5, 4):2933.697800743833
(8, 15, 0, 4):3172.455049004536
(8, 15, 0.5, 4):3154.3045073146095
(12, 15, -0.5, 4):3197.0657341203955
(12, 15, 0, 4):3198.5378777954206
(12, 15, 0.5, 4):3198.4196597149084
(15, 15, -0.5, 4):3198.6997017568697
(15, 15, 0, 4):3198.6997017568715
(15, 15, 0.5, 4):3198.699701756871
(5, 15, -0.5, 5):2539.6079180080023
(5, 15, 0, 5):3149.3270484939358
(5, 15, 0.5, 5):3276.6297773333636
(8, 15, -0.5, 5):3225.917995806285
(8, 15, 0, 5):3398.295816240894
(8, 15, 0.5, 5):3412.0887178370513
(12, 15, -0.5, 5):3439.4321896577235
(12, 15, 0, 5):3439.3932755321125
(12, 15, 0.5, 5):3439.64897753276
(15, 15, -0.5, 5):3439.648977532759
(15, 15, 0, 5):3439.64897753276
(15, 15, 0.5, 5):3439.64897753276
(5, 15, -0.5, 6):2304.361534203007
(5, 15, 0, 6):2218.9491727452837
(5, 15, 0.5, 6):2320.567271854131
(8, 15, -0.5, 6):2825.675670997718
(8, 15, 0, 6):2825.676166654119
(8, 15, 0.5, 6):2825.670251025225
(12, 15, -0.5, 6):2825.6805773608576
(12, 15, 0, 6):2825.680578150358
(12, 15, 0.5, 6):2825.6805687277256
(15, 15, -0.5, 6):2825.680585188362
(15, 15, 0, 6):2825.680585188361
(15, 15, 0.5, 6):2825.680585188361
(5, 15, -0.5, 7):2763.702872853125
(5, 15, 0, 7):2938.0007862779958
(5, 15, 0.5, 7):2991.974934341853
(8, 15, -0.5, 7):3146.298127099767
(8, 15, 0, 7):3146.308655365618
(8, 15, 0.5, 7):3146.291334799718
(12, 15, -0.5, 7):3146.326021409936
(12, 15, 0, 7):3146.326347285863
(12, 15, 0.5, 7):3146.326311246216
(15, 15, -0.5, 7):3146.326431366946
(15, 15, 0, 7):3146.326431366946
(15, 15, 0.5, 7):3146.326431366945
(5, 15, -0.5, 8):2774.7484128403735
(5, 15, 0, 8):2878.5069468445167
(5, 15, 0.5, 8):3214.2965196420037
(8, 15, -0.5, 8):3371.3868440629944
(8, 15, 0, 8):3371.380483482474
(8, 15, 0.5, 8):3371.39490648133
(12, 15, -0.5, 8):3371.394839348396
(12, 15, 0, 8):3371.3948113108604
(12, 15, 0.5, 8):3371.39490648133
(15, 15, -0.5, 8):3371.3949064813314
(15, 15, 0, 8):3371.3949064813296
(15, 15, 0.5, 8):3371.39490648133
(5, 15, -0.5, 9):3343.976771547354
(5, 15, 0, 9):3355.096340139349
(5, 15, 0.5, 9):3525.544486237033
(8, 15, -0.5, 9):3562.128964976541
(8, 15, 0, 9):3564.185544189755
(8, 15, 0.5, 9):3564.1841517692023
(12, 15, -0.5, 9):3564.1854149008427
(12, 15, 0, 9):3564.185544189755
(12, 15, 0.5, 9):3564.185544189755
(15, 15, -0.5, 9):3564.185544189754
(15, 15, 0, 9):3564.185544189755
(15, 15, 0.5, 9):3564.185544189755
(5, 15, -0.5, 10):2375.5688477696635
(5, 15, 0, 10):2620.886814435338
(5, 15, 0.5, 10):2652.5730634391007
(8, 15, -0.5, 10):2620.858253571009
(8, 15, 0, 10):2681.986601499429
(8, 15, 0.5, 10):2733.792513298981
(12, 15, -0.5, 10):2868.452901400096
(12, 15, 0, 10):2868.4488987331797
(12, 15, 0.5, 10):2868.448998385111
(15, 15, -0.5, 10):2868.452901400096
(15, 15, 0, 10):2868.452901400096
(15, 15, 0.5, 10):2868.4529014000964
